#ASTEX case using prescribed vertical grid, Nlev = 427 1 date=04/04/09
height(m)   thl(K)     qt(kg/kg)       u(m/s)     v(m/s)     tke(m2/s2)
      7.5000      280.086      6.663E-06      -4.4997      -2.0373      0.4424
      22.5000      279.993      6.569E-06      -4.4122      -1.8476      0.4324
      37.5000      279.922      6.486E-06      -4.3256      -1.6813      0.4225
      52.5000      279.873      6.414E-06      -4.2416      -1.5363      0.4127
      67.5000      279.847      6.352E-06      -4.1616      -1.4109      0.4029
      82.5000      279.841      6.300E-06      -4.0868      -1.3035      0.3932
      97.5000      279.856      6.257E-06      -4.0180      -1.2125      0.3836
      112.500      279.891      6.223E-06      -3.9558      -1.1365      0.3741
      127.500      279.945      6.197E-06      -3.9008      -1.0743      0.3647
      142.500      280.018      6.179E-06      -3.8533      -1.0248      0.3553
      157.500      280.109      6.168E-06      -3.8133      -0.9871      0.3460
      172.500      280.216      6.165E-06      -3.7810      -0.9602      0.3368
      187.500      280.341      6.169E-06      -3.7563      -0.9436      0.3277
      202.500      280.481      6.180E-06      -3.7389      -0.9367      0.3187
      217.500      280.636      6.196E-06      -3.7289      -0.9390      0.3097
      232.500      280.806      6.219E-06      -3.7257      -0.9501      0.3009
      247.500      280.990      6.248E-06      -3.7292      -0.9697      0.2921
      262.500      281.188      6.283E-06      -3.7388      -0.9976      0.2834
      277.500      281.397      6.324E-06      -3.7543      -1.0337      0.2748
      292.500      281.619      6.369E-06      -3.7750      -1.0778      0.2663
      307.500      281.852      6.420E-06      -3.8006      -1.1298      0.2579
      322.500      282.095      6.476E-06      -3.8304      -1.1897      0.2495
      337.500      282.349      6.536E-06      -3.8639      -1.2574      0.2413
      352.500      282.611      6.601E-06      -3.9005      -1.3330      0.2331
      367.500      282.883      6.670E-06      -3.9396      -1.4164      0.2251
      382.500      283.162      6.744E-06      -3.9806      -1.5075      0.2171
      397.500      283.448      6.821E-06      -4.0228      -1.6062      0.2093
      412.500      283.741      6.902E-06      -4.0655      -1.7126      0.2015
      427.500      284.039      6.987E-06      -4.1083      -1.8264      0.1938
      442.500      284.343      7.075E-06      -4.1503      -1.9475      0.1863
      457.500      284.651      7.166E-06      -4.1910      -2.0757      0.1788
      472.500      284.963      7.260E-06      -4.2298      -2.2107      0.1714
      487.500      285.278      7.356E-06      -4.2660      -2.3523      0.1642
      502.500      285.596      7.454E-06      -4.2992      -2.5000      0.1570
      517.500      285.915      7.555E-06      -4.3288      -2.6535      0.1500
      532.500      286.235      7.657E-06      -4.3544      -2.8123      0.1430
      546.849      286.542      7.755E-06      -4.3747      -2.9687      0.1365
      559.954      286.822      7.846E-06      -4.3893      -3.1150      0.1306
      571.921      287.077      7.930E-06      -4.3993      -3.2511      0.1253
      582.850      287.309      8.006E-06      -4.4055      -3.3772      0.1206
      592.831      287.520      8.076E-06      -4.4086      -3.4937      0.1163
      601.947      287.711      8.140E-06      -4.4093      -3.6009      0.1124
      610.271      287.886      8.198E-06      -4.4081      -3.6995      0.1089
      617.873      288.044      8.250E-06      -4.4056      -3.7899      0.1057
      624.815      288.187      8.298E-06      -4.4019      -3.8727      0.1028
      631.156      288.318      8.342E-06      -4.3976      -3.9486      0.1002
      636.946      288.436      8.382E-06      -4.3927      -4.0178      0.0979
      642.355      288.546      8.418E-06      -4.3874      -4.0826      0.0957
      647.500      288.650      8.453E-06      -4.3817      -4.1442      0.0936
      652.500      288.751      8.487E-06      -4.3756      -4.2040      0.0917
      657.500      288.851      8.520E-06      -4.3688      -4.2637      0.0897
      662.500      288.950      8.553E-06      -4.3614      -4.3234      0.0877
      667.500      289.049      8.586E-06      -4.3535      -4.3829      0.0858
      672.500      289.147      8.619E-06      -4.3450      -4.4423      0.0839
      677.500      289.244      8.651E-06      -4.3359      -4.5014      0.0820
      682.500      289.341      8.683E-06      -4.3263      -4.5604      0.0801
      687.500      289.437      8.715E-06      -4.3161      -4.6191      0.0782
      692.500      289.532      8.746E-06      -4.3054      -4.6776      0.0763
      697.500      289.627      8.777E-06      -4.2942      -4.7358      0.0744
      702.500      289.720      8.808E-06      -4.2825      -4.7936      0.0726
      707.500      289.813      8.838E-06      -4.2703      -4.8511      0.0708
      712.500      289.905      8.868E-06      -4.2577      -4.9082      0.0690
      717.500      289.996      8.897E-06      -4.2446      -4.9649      0.0672
      722.500      290.086      8.926E-06      -4.2311      -5.0212      0.0654
      727.500      290.175      8.954E-06      -4.2171      -5.0770      0.0637
      732.500      290.263      8.982E-06      -4.2028      -5.1323      0.0619
      737.500      290.350      9.010E-06      -4.1882      -5.1871      0.0602
      742.500      290.436      9.036E-06      -4.1732      -5.2413      0.0585
      747.500      290.521      9.062E-06      -4.1578      -5.2950      0.0568
      752.500      290.605      9.088E-06      -4.1422      -5.3481      0.0551
      757.500      290.687      9.113E-06      -4.1264      -5.4006      0.0534
      762.500      290.769      9.138E-06      -4.1102      -5.4524      0.0518
      767.500      290.850      9.161E-06      -4.0939      -5.5035      0.0502
      772.500      290.929      9.184E-06      -4.0774      -5.5539      0.0486
      777.500      291.007      9.207E-06      -4.0607      -5.6037      0.0470
      782.500      291.084      9.228E-06      -4.0439      -5.6526      0.0454
      787.500      291.159      9.249E-06      -4.0269      -5.7008      0.0438
      792.500      291.233      9.270E-06      -4.0099      -5.7482      0.0423
      797.500      291.306      9.289E-06      -3.9929      -5.7948      0.0408
      802.500      291.378      9.308E-06      -3.9758      -5.8406      0.0393
      807.500      291.448      9.326E-06      -3.9587      -5.8855      0.0378
      812.500      291.517      9.343E-06      -3.9416      -5.9297      0.0363
      817.500      291.585      9.359E-06      -3.9245      -5.9731      0.0349
      822.500      291.652      9.375E-06      -3.9075      -6.0157      0.0335
      827.500      291.717      9.390E-06      -3.8905      -6.0575      0.0321
      832.500      291.781      9.404E-06      -3.8735      -6.0985      0.0307
      837.500      291.844      9.418E-06      -3.8566      -6.1388      0.0293
      842.500      291.905      9.430E-06      -3.8399      -6.1783      0.0280
      847.500      291.966      9.442E-06      -3.8232      -6.2170      0.0266
      852.500      292.025      9.453E-06      -3.8066      -6.2550      0.0253
      857.500      292.083      9.464E-06      -3.7902      -6.2922      0.0241
      862.500      292.140      9.474E-06      -3.7739      -6.3287      0.0228
      867.500      292.195      9.483E-06      -3.7577      -6.3644      0.0216
      872.500      292.250      9.491E-06      -3.7417      -6.3995      0.0204
      877.500      292.303      9.499E-06      -3.7259      -6.4338      0.0192
      882.500      292.356      9.506E-06      -3.7103      -6.4674      0.0180
      887.500      292.407      9.512E-06      -3.6948      -6.5003      0.0169
      892.500      292.457      9.518E-06      -3.6795      -6.5324      0.0158
      897.500      292.505      9.523E-06      -3.6645      -6.5639      0.0147
      902.500      292.553      9.527E-06      -3.6496      -6.5947      0.0136
      907.500      292.600      9.530E-06      -3.6350      -6.6248      0.0126
      912.500      292.645      9.533E-06      -3.6206      -6.6543      0.0116
      917.500      292.690      9.536E-06      -3.6065      -6.6831      0.0106
      922.500      292.733      9.537E-06      -3.5925      -6.7112      0.0097
      927.500      292.776      9.538E-06      -3.5788      -6.7387      0.0087
      932.500      292.817      9.538E-06      -3.5654      -6.7655      0.0078
      937.500      292.858      9.538E-06      -3.5522      -6.7917      0.0070
      942.500      292.897      9.537E-06      -3.5393      -6.8172      0.0062
      947.500      292.935      9.535E-06      -3.5267      -6.8422      0.0054
      952.500      292.973      9.533E-06      -3.5143      -6.8665      0.0046
      957.500      293.009      9.530E-06      -3.5022      -6.8902      0.0039
      962.500      293.045      9.527E-06      -3.4904      -6.9133      0.0032
      967.500      293.079      9.523E-06      -3.4788      -6.9358      0.0026
      972.500      293.113      9.518E-06      -3.4675      -6.9577      0.0020
      977.500      293.145      9.513E-06      -3.4565      -6.9791      0.0015
      982.500      293.177      9.507E-06      -3.4458      -6.9999      0.0010
      987.500      293.208      9.501E-06      -3.4354      -7.0201      0.0006
      992.500      293.238      9.494E-06      -3.4253      -7.0397      0.0003
      997.500      293.267      9.487E-06      -3.4155      -7.0588      0.0001
      1002.50      293.295      9.479E-06      -3.4059      -7.0773      0.0000
      1007.50      293.322      9.470E-06      -3.3967      -7.0954      0.0000
      1012.50      293.348      9.461E-06      -3.3877      -7.1128      0.0000
      1017.50      293.374      9.452E-06      -3.3791      -7.1298      0.0000
      1022.50      293.398      9.442E-06      -3.3707      -7.1462      0.0000
      1027.50      293.422      9.431E-06      -3.3626      -7.1621      0.0000
      1032.50      293.445      9.420E-06      -3.3548      -7.1776      0.0000
      1037.50      293.467      9.409E-06      -3.3473      -7.1925      0.0000
      1042.50      293.489      9.397E-06      -3.3401      -7.2069      0.0000
      1047.50      293.509      9.384E-06      -3.3332      -7.2208      0.0000
      1052.50      293.529      9.371E-06      -3.3266      -7.2343      0.0000
      1057.50      293.548      9.358E-06      -3.3203      -7.2473      0.0000
      1062.50      293.567      9.344E-06      -3.3142      -7.2598      0.0000
      1067.50      293.584      9.330E-06      -3.3084      -7.2719      0.0000
      1072.50      293.601      9.315E-06      -3.3029      -7.2835      0.0000
      1077.50      293.617      9.300E-06      -3.2977      -7.2946      0.0000
      1082.50      293.633      9.285E-06      -3.2928      -7.3054      0.0000
      1087.50      293.647      9.269E-06      -3.2881      -7.3157      0.0000
      1092.50      293.661      9.253E-06      -3.2837      -7.3255      0.0000
      1097.50      293.675      9.236E-06      -3.2795      -7.3350      0.0000
      1102.50      293.687      9.219E-06      -3.2757      -7.3440      0.0000
      1107.50      293.699      9.202E-06      -3.2721      -7.3526      0.0000
      1112.50      293.711      9.184E-06      -3.2687      -7.3608      0.0000
      1117.50      293.721      9.166E-06      -3.2656      -7.3686      0.0000
      1122.50      293.731      9.147E-06      -3.2627      -7.3761      0.0000
      1127.50      293.741      9.129E-06      -3.2601      -7.3831      0.0000
      1132.50      293.750      9.110E-06      -3.2577      -7.3898      0.0000
      1137.50      293.758      9.090E-06      -3.2556      -7.3961      0.0000
      1142.50      293.766      9.070E-06      -3.2537      -7.4020      0.0000
      1147.50      293.773      9.050E-06      -3.2520      -7.4075      0.0000
      1152.50      293.779      9.030E-06      -3.2506      -7.4128      0.0000
      1157.50      293.785      9.010E-06      -3.2493      -7.4176      0.0000
      1162.50      293.791      8.989E-06      -3.2483      -7.4221      0.0000
      1167.50      293.796      8.968E-06      -3.2475      -7.4263      0.0000
      1172.50      293.800      8.946E-06      -3.2469      -7.4302      0.0000
      1177.50      293.804      8.925E-06      -3.2465      -7.4337      0.0000
      1182.50      293.808      8.903E-06      -3.2463      -7.4369      0.0000
      1187.50      293.811      8.881E-06      -3.2462      -7.4398      0.0000
      1192.50      293.813      8.858E-06      -3.2464      -7.4423      0.0000
      1197.50      293.815      8.836E-06      -3.2467      -7.4446      0.0000
      1202.50      293.817      8.813E-06      -3.2472      -7.4466      0.0000
      1207.50      293.818      8.790E-06      -3.2479      -7.4483      0.0000
      1212.50      293.818      8.767E-06      -3.2488      -7.4497      0.0000
      1217.50      293.819      8.744E-06      -3.2498      -7.4508      0.0000
      1222.50      293.818      8.720E-06      -3.2509      -7.4517      0.0000
      1227.50      293.818      8.697E-06      -3.2522      -7.4523      0.0000
      1232.50      293.817      8.673E-06      -3.2536      -7.4526      0.0000
      1237.50      293.816      8.649E-06      -3.2552      -7.4527      0.0000
      1242.50      293.814      8.625E-06      -3.2569      -7.4525      0.0000
      1247.50      293.812      8.601E-06      -3.2588      -7.4520      0.0000
      1252.50      293.810      8.576E-06      -3.2607      -7.4514      0.0000
      1257.50      293.807      8.552E-06      -3.2628      -7.4505      0.0000
      1262.50      293.804      8.527E-06      -3.2649      -7.4493      0.0000
      1267.50      293.801      8.502E-06      -3.2672      -7.4480      0.0000
      1272.50      293.797      8.478E-06      -3.2696      -7.4464      0.0000
      1277.50      293.793      8.453E-06      -3.2720      -7.4447      0.0000
      1282.50      293.789      8.428E-06      -3.2745      -7.4427      0.0000
      1287.50      293.785      8.403E-06      -3.2771      -7.4405      0.0000
      1292.50      293.780      8.377E-06      -3.2798      -7.4381      0.0000
      1297.50      293.775      8.352E-06      -3.2826      -7.4356      0.0000
      1302.50      293.770      8.327E-06      -3.2854      -7.4328      0.0000
      1307.50      293.764      8.302E-06      -3.2883      -7.4299      0.0000
      1312.50      293.759      8.276E-06      -3.2912      -7.4269      0.0000
      1317.50      293.753      8.251E-06      -3.2941      -7.4236      0.0000
      1322.50      293.747      8.225E-06      -3.2971      -7.4202      0.0000
      1327.50      293.741      8.200E-06      -3.3002      -7.4167      0.0000
      1332.50      293.735      8.174E-06      -3.3032      -7.4130      0.0000
      1337.50      293.728      8.149E-06      -3.3063      -7.4091      0.0000
      1342.50      293.722      8.124E-06      -3.3094      -7.4051      0.0000
      1347.50      293.715      8.098E-06      -3.3125      -7.4010      0.0000
      1352.50      293.708      8.073E-06      -3.3155      -7.3968      0.0000
      1357.50      293.701      8.047E-06      -3.3186      -7.3925      0.0000
      1362.50      293.694      8.022E-06      -3.3217      -7.3880      0.0000
      1367.50      293.687      7.996E-06      -3.3248      -7.3835      0.0000
      1372.50      293.680      7.971E-06      -3.3278      -7.3788      0.0000
      1377.50      293.672      7.946E-06      -3.3309      -7.3741      0.0000
      1382.50      293.665      7.920E-06      -3.3338      -7.3692      0.0000
      1387.50      293.658      7.895E-06      -3.3368      -7.3643      0.0000
      1392.50      293.650      7.870E-06      -3.3397      -7.3593      0.0000
      1397.50      293.643      7.845E-06      -3.3426      -7.3543      0.0000
      1402.50      293.635      7.820E-06      -3.3454      -7.3491      0.0000
      1407.50      293.628      7.795E-06      -3.3481      -7.3440      0.0000
      1412.50      293.620      7.770E-06      -3.3508      -7.3387      0.0000
      1417.50      293.613      7.745E-06      -3.3534      -7.3335      0.0000
      1422.50      293.606      7.720E-06      -3.3560      -7.3281      0.0000
      1427.50      293.598      7.695E-06      -3.3584      -7.3228      0.0000
      1432.50      293.591      7.671E-06      -3.3608      -7.3174      0.0000
      1437.50      293.584      7.647E-06      -3.3631      -7.3120      0.0000
      1442.50      293.577      7.622E-06      -3.3652      -7.3066      0.0000
      1447.50      293.570      7.598E-06      -3.3673      -7.3012      0.0000
      1452.50      293.563      7.574E-06      -3.3693      -7.2958      0.0000
      1457.50      293.556      7.550E-06      -3.3711      -7.2904      0.0000
      1462.50      293.550      7.526E-06      -3.3729      -7.2850      0.0000
      1467.50      293.543      7.502E-06      -3.3745      -7.2796      0.0000
      1472.50      293.537      7.479E-06      -3.3760      -7.2742      0.0000
      1477.50      293.531      7.455E-06      -3.3773      -7.2689      0.0000
      1482.50      293.525      7.432E-06      -3.3786      -7.2636      0.0000
      1487.50      293.519      7.409E-06      -3.3796      -7.2583      0.0000
      1492.50      293.513      7.386E-06      -3.3805      -7.2531      0.0000
      1497.50      293.508      7.363E-06      -3.3813      -7.2479      0.0000
      1502.50      293.502      7.341E-06      -3.3819      -7.2428      0.0000
      1507.50      293.498      7.318E-06      -3.3824      -7.2377      0.0000
      1512.50      293.493      7.296E-06      -3.3827      -7.2327      0.0000
      1517.50      293.488      7.274E-06      -3.3828      -7.2277      0.0000
      1522.50      293.484      7.252E-06      -3.3828      -7.2228      0.0000
      1527.50      293.480      7.230E-06      -3.3827      -7.2180      0.0000
      1532.50      293.476      7.208E-06      -3.3824      -7.2132      0.0000
      1537.50      293.472      7.187E-06      -3.3819      -7.2084      0.0000
      1542.50      293.468      7.166E-06      -3.3813      -7.2038      0.0000
      1547.50      293.465      7.144E-06      -3.3806      -7.1991      0.0000
      1552.50      293.462      7.123E-06      -3.3797      -7.1946      0.0000
      1557.50      293.459      7.102E-06      -3.3787      -7.1900      0.0000
      1562.50      293.456      7.082E-06      -3.3775      -7.1856      0.0000
      1567.50      293.454      7.061E-06      -3.3762      -7.1811      0.0000
      1572.50      293.452      7.041E-06      -3.3747      -7.1768      0.0000
      1577.50      293.450      7.020E-06      -3.3731      -7.1725      0.0000
      1582.50      293.448      7.000E-06      -3.3713      -7.1682      0.0000
      1587.50      293.446      6.980E-06      -3.3695      -7.1640      0.0000
      1592.50      293.445      6.960E-06      -3.3674      -7.1598      0.0000
      1597.50      293.443      6.941E-06      -3.3653      -7.1557      0.0000
      1602.50      293.442      6.921E-06      -3.3630      -7.1517      0.0000
      1607.50      293.441      6.901E-06      -3.3605      -7.1477      0.0000
      1612.50      293.441      6.882E-06      -3.3580      -7.1437      0.0000
      1617.50      293.440      6.863E-06      -3.3553      -7.1398      0.0000
      1622.50      293.440      6.844E-06      -3.3524      -7.1360      0.0000
      1627.50      293.440      6.825E-06      -3.3495      -7.1322      0.0000
      1632.50      293.440      6.806E-06      -3.3464      -7.1284      0.0000
      1637.50      293.440      6.788E-06      -3.3432      -7.1247      0.0000
      1642.50      293.441      6.769E-06      -3.3398      -7.1211      0.0000
      1647.50      293.442      6.751E-06      -3.3363      -7.1175      0.0000
      1652.50      293.443      6.732E-06      -3.3327      -7.1139      0.0000
      1657.50      293.444      6.714E-06      -3.3290      -7.1104      0.0000
      1662.50      293.445      6.696E-06      -3.3251      -7.1070      0.0000
      1667.50      293.446      6.678E-06      -3.3211      -7.1036      0.0000
      1672.50      293.448      6.661E-06      -3.3170      -7.1002      0.0000
      1677.50      293.450      6.643E-06      -3.3128      -7.0969      0.0000
      1682.50      293.452      6.626E-06      -3.3084      -7.0937      0.0000
      1687.50      293.454      6.608E-06      -3.3040      -7.0905      0.0000
      1692.50      293.457      6.591E-06      -3.2994      -7.0873      0.0000
      1697.50      293.459      6.574E-06      -3.2947      -7.0842      0.0000
      1702.50      293.462      6.557E-06      -3.2898      -7.0811      0.0000
      1707.50      293.465      6.540E-06      -3.2849      -7.0781      0.0000
      1712.50      293.468      6.523E-06      -3.2798      -7.0751      0.0000
      1717.50      293.472      6.507E-06      -3.2746      -7.0722      0.0000
      1722.50      293.475      6.490E-06      -3.2693      -7.0693      0.0000
      1727.50      293.479      6.474E-06      -3.2639      -7.0664      0.0000
      1732.50      293.483      6.457E-06      -3.2584      -7.0636      0.0000
      1737.50      293.487      6.441E-06      -3.2528      -7.0609      0.0000
      1742.50      293.491      6.425E-06      -3.2470      -7.0582      0.0000
      1747.50      293.496      6.409E-06      -3.2412      -7.0555      0.0000
      1752.50      293.501      6.393E-06      -3.2352      -7.0529      0.0000
      1757.50      293.505      6.377E-06      -3.2291      -7.0503      0.0000
      1762.50      293.510      6.362E-06      -3.2229      -7.0478      0.0000
      1767.50      293.516      6.346E-06      -3.2166      -7.0453      0.0000
      1772.50      293.521      6.331E-06      -3.2102      -7.0428      0.0000
      1777.50      293.527      6.315E-06      -3.2037      -7.0404      0.0000
      1782.50      293.532      6.300E-06      -3.1971      -7.0380      0.0000
      1787.50      293.538      6.285E-06      -3.1904      -7.0357      0.0000
      1792.50      293.544      6.270E-06      -3.1836      -7.0334      0.0000
      1797.50      293.551      6.255E-06      -3.1767      -7.0311      0.0000
      1802.50      293.557      6.240E-06      -3.1697      -7.0289      0.0000
      1807.50      293.564      6.226E-06      -3.1625      -7.0267      0.0000
      1812.50      293.570      6.211E-06      -3.1553      -7.0246      0.0000
      1817.50      293.577      6.197E-06      -3.1480      -7.0225      0.0000
      1822.50      293.585      6.182E-06      -3.1406      -7.0204      0.0000
      1827.50      293.592      6.168E-06      -3.1331      -7.0184      0.0000
      1832.50      293.599      6.154E-06      -3.1255      -7.0164      0.0000
      1837.50      293.607      6.139E-06      -3.1178      -7.0144      0.0000
      1842.50      293.615      6.125E-06      -3.1100      -7.0125      0.0000
      1847.50      293.623      6.112E-06      -3.1021      -7.0106      0.0000
      1852.50      293.631      6.098E-06      -3.0941      -7.0088      0.0000
      1857.50      293.639      6.084E-06      -3.0860      -7.0070      0.0000
      1862.50      293.648      6.070E-06      -3.0778      -7.0052      0.0000
      1867.50      293.656      6.057E-06      -3.0695      -7.0035      0.0000
      1872.50      293.665      6.043E-06      -3.0612      -7.0018      0.0000
      1877.50      293.674      6.030E-06      -3.0527      -7.0001      0.0000
      1882.50      293.683      6.017E-06      -3.0442      -6.9984      0.0000
      1887.50      293.692      6.003E-06      -3.0356      -6.9968      0.0000
      1892.50      293.702      5.990E-06      -3.0269      -6.9953      0.0000
      1897.50      293.712      5.977E-06      -3.0181      -6.9937      0.0000
      1902.50      293.721      5.964E-06      -3.0092      -6.9922      0.0000
      1907.50      293.731      5.952E-06      -3.0002      -6.9907      0.0000
      1912.50      293.741      5.939E-06      -2.9912      -6.9893      0.0000
      1917.50      293.752      5.926E-06      -2.9820      -6.9878      0.0000
      1922.50      293.762      5.914E-06      -2.9728      -6.9864      0.0000
      1927.50      293.773      5.901E-06      -2.9635      -6.9851      0.0000
      1932.50      293.783      5.889E-06      -2.9541      -6.9837      0.0000
      1937.50      293.794      5.876E-06      -2.9447      -6.9824      0.0000
      1942.50      293.805      5.864E-06      -2.9351      -6.9812      0.0000
      1947.50      293.817      5.852E-06      -2.9255      -6.9799      0.0000
      1952.50      293.828      5.840E-06      -2.9158      -6.9787      0.0000
      1957.50      293.839      5.828E-06      -2.9060      -6.9775      0.0000
      1962.50      293.851      5.816E-06      -2.8962      -6.9763      0.0000
      1967.50      293.863      5.804E-06      -2.8862      -6.9752      0.0000
      1972.50      293.875      5.792E-06      -2.8762      -6.9740      0.0000
      1977.50      293.887      5.780E-06      -2.8661      -6.9730      0.0000
      1982.50      293.899      5.769E-06      -2.8560      -6.9719      0.0000
      1987.50      293.912      5.757E-06      -2.8458      -6.9708      0.0000
      1992.50      293.924      5.746E-06      -2.8355      -6.9698      0.0000
      1997.50      293.937      5.734E-06      -2.8251      -6.9688      0.0000
      2002.50      293.950      5.723E-06      -2.8146      -6.9679      0.0000
      2007.50      293.963      5.712E-06      -2.8041      -6.9669      0.0000
      2012.50      293.976      5.701E-06      -2.7935      -6.9660      0.0000
      2017.50      293.989      5.689E-06      -2.7829      -6.9651      0.0000
      2022.50      294.003      5.678E-06      -2.7722      -6.9642      0.0000
      2027.50      294.016      5.667E-06      -2.7614      -6.9634      0.0000
      2032.50      294.030      5.657E-06      -2.7505      -6.9625      0.0000
      2037.50      294.044      5.646E-06      -2.7396      -6.9617      0.0000
      2042.50      294.058      5.635E-06      -2.7286      -6.9609      0.0000
      2047.50      294.072      5.624E-06      -2.7176      -6.9601      0.0000
      2052.50      294.086      5.614E-06      -2.7064      -6.9594      0.0000
      2057.50      294.101      5.603E-06      -2.6953      -6.9586      0.0000
      2062.50      294.115      5.593E-06      -2.6840      -6.9579      0.0000
      2067.50      294.130      5.582E-06      -2.6727      -6.9572      0.0000
      2072.50      294.145      5.572E-06      -2.6613      -6.9566      0.0000
      2077.50      294.160      5.562E-06      -2.6499      -6.9559      0.0000
      2082.50      294.175      5.551E-06      -2.6384      -6.9553      0.0000
      2087.50      294.190      5.541E-06      -2.6269      -6.9546      0.0000
      2092.50      294.206      5.531E-06      -2.6153      -6.9540      0.0000
      2097.50      294.221      5.521E-06      -2.6036      -6.9534      0.0000
      2102.50      294.237      5.511E-06      -2.5919      -6.9529      0.0000
      2107.50      294.253      5.501E-06      -2.5801      -6.9523      0.0000
      2112.50      294.269      5.491E-06      -2.5683      -6.9518      0.0000
      2117.50      294.285      5.482E-06      -2.5564      -6.9512      0.0000
      2122.50      294.301      5.472E-06      -2.5445      -6.9507      0.0000
      2127.50      294.317      5.462E-06      -2.5325      -6.9502      0.0000
      2132.50      294.334      5.453E-06      -2.5204      -6.9498      0.0000
      2137.50      294.350      5.443E-06      -2.5083      -6.9493      0.0000
      2142.50      294.367      5.434E-06      -2.4962      -6.9488      0.0000
      2147.50      294.384      5.424E-06      -2.4840      -6.9484      0.0000
      2152.50      294.401      5.415E-06      -2.4717      -6.9480      0.0000
      2157.50      294.418      5.405E-06      -2.4594      -6.9476      0.0000
      2162.50      294.435      5.396E-06      -2.4471      -6.9472      0.0000
      2167.50      294.452      5.387E-06      -2.4347      -6.9468      0.0000
      2172.50      294.470      5.378E-06      -2.4222      -6.9464      0.0000
      2177.50      294.487      5.369E-06      -2.4097      -6.9460      0.0000
      2182.50      294.505      5.360E-06      -2.3972      -6.9457      0.0000
      2187.50      294.523      5.351E-06      -2.3846      -6.9454      0.0000
      2192.50      294.541      5.342E-06      -2.3720      -6.9450      0.0000
      2197.50      294.559      5.333E-06      -2.3593      -6.9447      0.0000
      2202.50      294.577      5.324E-06      -2.3466      -6.9444      0.0000
      2207.50      294.595      5.315E-06      -2.3338      -6.9441      0.0000
      2212.50      294.614      5.307E-06      -2.3210      -6.9438      0.0000
      2217.50      294.632      5.298E-06      -2.3081      -6.9436      0.0000
      2222.50      294.651      5.289E-06      -2.2952      -6.9433      0.0000
      2227.50      294.670      5.281E-06      -2.2823      -6.9430      0.0000
      2232.50      294.688      5.272E-06      -2.2693      -6.9428      0.0000
      2237.50      294.707      5.264E-06      -2.2563      -6.9426      0.0000
      2242.50      294.727      5.256E-06      -2.2433      -6.9423      0.0000
      2247.50      294.746      5.247E-06      -2.2302      -6.9421      0.0000
      2252.50      294.765      5.239E-06      -2.2171      -6.9419      0.0000
      2257.50      294.785      5.231E-06      -2.2039      -6.9417      0.0000
      2262.50      294.804      5.222E-06      -2.1907      -6.9415      0.0000
      2267.50      294.824      5.214E-06      -2.1775      -6.9413      0.0000
      2272.50      294.843      5.206E-06      -2.1642      -6.9411      0.0000
      2277.50      294.863      5.198E-06      -2.1509      -6.9410      0.0000
      2282.50      294.883      5.190E-06      -2.1376      -6.9408      0.0000
      2287.50      294.903      5.182E-06      -2.1242      -6.9406      0.0000
      2292.50      294.924      5.174E-06      -2.1108      -6.9405      0.0000
      2297.50      294.944      5.166E-06      -2.0974      -6.9403      0.0000
      2302.50      294.964      5.158E-06      -2.0839      -6.9402      0.0000
      2307.50      294.985      5.151E-06      -2.0704      -6.9401      0.0000
      2312.50      295.006      5.143E-06      -2.0569      -6.9400      0.0000
      2317.50      295.026      5.135E-06      -2.0433      -6.9398      0.0000
      2322.50      295.047      5.127E-06      -2.0297      -6.9397      0.0000
      2327.50      295.068      5.120E-06      -2.0161      -6.9396      0.0000
      2332.50      295.089      5.112E-06      -2.0025      -6.9395      0.0000
      2337.50      295.110      5.105E-06      -1.9888      -6.9394      0.0000
      2342.50      295.131      5.097E-06      -1.9751      -6.9393      0.0000
      2347.50      295.153      5.090E-06      -1.9614      -6.9392      0.0000
      2352.50      295.174      5.082E-06      -1.9477      -6.9392      0.0000
      2357.50      295.196      5.075E-06      -1.9339      -6.9391      0.0000
      2362.50      295.217      5.068E-06      -1.9201      -6.9390      0.0000
      2367.50      295.239      5.060E-06      -1.9063      -6.9390      0.0000
      2372.50      295.261      5.053E-06      -1.8925      -6.9389      0.0000
      2377.50      295.283      5.046E-06      -1.8786      -6.9388      0.0000
      2382.50      295.305      5.039E-06      -1.8647      -6.9388      0.0000
      2387.50      295.327      5.031E-06      -1.8508      -6.9387      0.0000
      2392.50      295.349      5.024E-06      -1.8369      -6.9387      0.0000
      2397.50      295.371      5.017E-06      -1.8229      -6.9387      0.0000
      2402.76      295.395      5.010E-06      -1.8083      -6.9386      0.0000
      2408.55      295.421      5.002E-06      -1.7921      -6.9386      0.0000
      2414.89      295.449      4.993E-06      -1.7743      -6.9385      0.0000
      2421.84      295.481      4.983E-06      -1.7548      -6.9385      0.0000
      2429.44      295.515      4.973E-06      -1.7334      -6.9385      0.0000
      2437.76      295.554      4.962E-06      -1.7100      -6.9385      0.0000
      2446.88      295.596      4.949E-06      -1.6843      -6.9385      0.0000
      2456.86      295.642      4.936E-06      -1.6561      -6.9385      0.0000
      2467.79      295.693      4.922E-06      -1.6251      -6.9385      0.0000
