270.500      15 
3000.00      212.100      0.0000      0.0000      0.0000
5000.00      213.900      0.0000      0.0000      0.0000
7000.00      214.100      0.0000      0.0000      0.0000
10000.0      214.700      0.0000      0.0000      0.0000
15000.0      215.500      0.0000      0.0000      0.0000
20000.0      215.700      0.0000      0.0000      0.0000
25000.0      211.300      0.0000      0.0000      0.0000
30000.0      217.500      0.0000      0.0000      0.0000
40000.0      232.300      0.0000      0.0000      0.0000
50000.0      243.900      0.0000      0.0000      0.0000
70000.0      259.500      0.0000      0.0000      0.0000
85000.0      261.300      0.0000      0.0000      0.0000
92500.0      265.700      0.0000      0.0000      0.0000
100000.      268.700      0.0000      0.0000      0.0000
102700.      270.500      0.0000      0.0000      0.0000
