270.500      15
3000.00000      212.100006      0.00000041      0.00000123      0
5000.00000      213.899993      0.00000031      0.00000051      0
7000.00000      214.100006      0.00000022      0.00000020      0
10000.0000      214.699996      0.00000017      0.00000015      0
15000.0000      215.500000      0.00000012      0.00000015      0
20000.0000      215.699996      0.00000009      0.00000015      0
25000.0000      211.300003      0.00000004      0.00000015      0
30000.0000      217.500000      0.00000007      0.00000015      0
40000.0000      232.300003      0.00000028      0.00000015      0
50000.0000      243.899993      0.00000070      0.00000015      0
70000.0000      259.500000      0.00000191      0.00000015      0
85000.0000      261.299987      0.00000181      0.00000015      0
92500.0000      265.700012      0.00000235      0.00000015      0
100000.000      268.700012      0.00000273      0.00000015      0
102700.000      270.500000      0.00000304      0.00000015      0
