 Midnight with high concentrations 1
          height(m)   ugeo(m/s) vgeo(m/s)  wfls(m/s)    not_used   not_used   dqtdtls(kg/kg/s)    dthldt(K/s)
          12.500      8.000      6.000      0.000         0.000              0.000      0.000      0.000
          37.500      8.000      6.000      0.000         0.000              0.000      0.000      0.000
          62.500      8.000      6.000      0.000         0.000              0.000      0.000      0.000
          87.500      8.000      6.000      0.000         0.000              0.000      0.000      0.000
          112.50      8.000      6.000      0.000         0.000              0.000      0.000      0.000
          137.50      8.000      6.000      0.000         0.000              0.000      0.000      0.000
          162.50      8.000      6.000      0.000         0.000              0.000      0.000      0.000
          187.50      8.000      6.000      0.000         0.000              0.000      0.000      0.000
          212.50      8.000      6.000      0.000         0.000              0.000      0.000      0.000
          237.50      8.000      6.000      0.000         0.000              0.000      0.000      0.000
          262.50      8.000      6.000      0.000         0.000              0.000      0.000      0.000
          287.50      8.000      6.000      0.000         0.000              0.000      0.000      0.000
          312.50      8.000      6.000      0.000         0.000              0.000      0.000      0.000
          337.50      8.000      6.000      0.000         0.000              0.000      0.000      0.000
          362.50      8.000      6.000      0.000         0.000              0.000      0.000      0.000
          387.50      8.000      6.000      0.000         0.000              0.000      0.000      0.000
          412.50      8.000      6.000      0.000         0.000              0.000      0.000      0.000
          437.50      8.000      6.000      0.000         0.000              0.000      0.000      0.000
          462.50      8.000      6.000      0.000         0.000              0.000      0.000      0.000
          487.50      8.000      6.000      0.000         0.000              0.000      0.000      0.000
          512.50      8.000      6.000      0.000         0.000              0.000      0.000      0.000
          537.50      8.000      6.000      0.000         0.000              0.000      0.000      0.000
          562.50      8.000      6.000      0.000         0.000              0.000      0.000      0.000
          587.50      8.000      6.000      0.000         0.000              0.000      0.000      0.000
          612.50      8.000      6.000      0.000         0.000              0.000      0.000      0.000
          637.50      8.000      6.000      0.000         0.000              0.000      0.000      0.000
          662.50      8.000      6.000      0.000         0.000              0.000      0.000      0.000
          687.50      8.000      6.000      0.000         0.000              0.000      0.000      0.000
          712.50      8.000      6.000      0.000         0.000              0.000      0.000      0.000
          737.50      8.000      6.000      0.000         0.000              0.000      0.000      0.000
          762.50      8.000      6.000      0.000         0.000              0.000      0.000      0.000
          787.50      8.000      6.000      0.000         0.000              0.000      0.000      0.000
          812.50      8.000      6.000      0.000         0.000              0.000      0.000      0.000
          837.50      8.000      6.000      0.000         0.000              0.000      0.000      0.000
          862.50      8.000      6.000      0.000         0.000              0.000      0.000      0.000
          887.50      8.000      6.000      0.000         0.000              0.000      0.000      0.000
          912.50      8.000      6.000      0.000         0.000              0.000      0.000      0.000
          937.50      8.000      6.000      0.000         0.000              0.000      0.000      0.000
          962.50      8.000      6.000      0.000         0.000              0.000      0.000      0.000
          987.50      8.000      6.000      0.000         0.000              0.000      0.000      0.000
          1012.5      8.000      6.000      0.000         0.000              0.000      0.000      0.000
          1037.5      8.000      6.000      0.000         0.000              0.000      0.000      0.000
          1062.5      8.000      6.000      0.000         0.000              0.000      0.000      0.000
          1087.5      8.000      6.000      0.000         0.000              0.000      0.000      0.000
          1112.5      8.000      6.000      0.000         0.000              0.000      0.000      0.000
          1137.5      8.000      6.000      0.000         0.000              0.000      0.000      0.000
          1162.5      8.000      6.000      0.000         0.000              0.000      0.000      0.000
          1187.5      8.000      6.000      0.000         0.000              0.000      0.000      0.000
          1212.5      8.000      6.000      0.000         0.000              0.000      0.000      0.000
          1237.5      8.000      6.000      0.000         0.000              0.000      0.000      0.000
          1262.5      8.000      6.000      0.000         0.000              0.000      0.000      0.000
          1287.5      8.000      6.000      0.000         0.000              0.000      0.000      0.000
          1312.5      8.000      6.000      0.000         0.000              0.000      0.000      0.000
          1337.5      8.000      6.000      0.000         0.000              0.000      0.000      0.000
          1362.5      8.000      6.000      0.000         0.000              0.000      0.000      0.000
          1387.5      8.000      6.000      0.000         0.000              0.000      0.000      0.000
          1412.5      8.000      6.000      0.000         0.000              0.000      0.000      0.000
          1437.5      8.000      6.000      0.000         0.000              0.000      0.000      0.000
          1462.5      8.000      6.000      0.000         0.000              0.000      0.000      0.000
          1487.5      8.000      6.000      0.000         0.000              0.000      0.000      0.000
          1512.5      8.000      6.000      0.000         0.000              0.000      0.000      0.000
          1537.5      8.000      6.000      0.000         0.000              0.000      0.000      0.000
          1562.5      8.000      6.000      0.000         0.000              0.000      0.000      0.000
          1587.5      8.000      6.000      0.000         0.000              0.000      0.000      0.000
          1612.5      8.000      6.000      0.000         0.000              0.000      0.000      0.000
          1637.5      8.000      6.000      0.000         0.000              0.000      0.000      0.000
          1662.5      8.000      6.000      0.000         0.000              0.000      0.000      0.000
          1687.5      8.000      6.000      0.000         0.000              0.000      0.000      0.000
          1712.5      8.000      6.000      0.000         0.000              0.000      0.000      0.000
          1737.5      8.000      6.000      0.000         0.000              0.000      0.000      0.000
          1762.5      8.000      6.000      0.000         0.000              0.000      0.000      0.000
          1787.5      8.000      6.000      0.000         0.000              0.000      0.000      0.000
          1812.5      8.000      6.000      0.000         0.000              0.000      0.000      0.000
          1837.5      8.000      6.000      0.000         0.000              0.000      0.000      0.000
          1862.5      8.000      6.000      0.000         0.000              0.000      0.000      0.000
          1887.5      8.000      6.000      0.000         0.000              0.000      0.000      0.000
          1912.5      8.000      6.000      0.000         0.000              0.000      0.000      0.000
          1937.5      8.000      6.000      0.000         0.000              0.000      0.000      0.000
          1962.5      8.000      6.000      0.000         0.000              0.000      0.000      0.000
          1987.5      8.000      6.000      0.000         0.000              0.000      0.000      0.000
          2012.5      8.000      6.000      0.000         0.000              0.000      0.000      0.000
          2037.5      8.000      6.000      0.000         0.000              0.000      0.000      0.000
          2062.5      8.000      6.000      0.000         0.000              0.000      0.000      0.000
          2087.5      8.000      6.000      0.000         0.000              0.000      0.000      0.000
          2112.5      8.000      6.000      0.000         0.000              0.000      0.000      0.000
          2137.5      8.000      6.000      0.000         0.000              0.000      0.000      0.000
          2162.5      8.000      6.000      0.000         0.000              0.000      0.000      0.000
          2187.5      8.000      6.000      0.000         0.000              0.000      0.000      0.000
          2212.5      8.000      6.000      0.000         0.000              0.000      0.000      0.000
          2237.5      8.000      6.000      0.000         0.000              0.000      0.000      0.000
          2262.5      8.000      6.000      0.000         0.000              0.000      0.000      0.000
          2287.5      8.000      6.000      0.000         0.000              0.000      0.000      0.000
          2312.5      8.000      6.000      0.000         0.000              0.000      0.000      0.000
          2337.5      8.000      6.000      0.000         0.000              0.000      0.000      0.000
          2362.5      8.000      6.000      0.000         0.000              0.000      0.000      0.000
          2387.5      8.000      6.000      0.000         0.000              0.000      0.000      0.000
          2412.5      8.000      6.000      0.000         0.000              0.000      0.000      0.000
          2437.5      8.000      6.000      0.000         0.000              0.000      0.000      0.000
          2462.5      8.000      6.000      0.000         0.000              0.000      0.000      0.000
          2487.5      8.000      6.000      0.000         0.000              0.000      0.000      0.000
          2512.5      8.000      6.000      0.000         0.000              0.000      0.000      0.000
          2537.5      8.000      6.000      0.000         0.000              0.000      0.000      0.000
          2562.5      8.000      6.000      0.000         0.000              0.000      0.000      0.000
          2587.5      8.000      6.000      0.000         0.000              0.000      0.000      0.000
          2612.5      8.000      6.000      0.000         0.000              0.000      0.000      0.000
          2637.5      8.000      6.000      0.000         0.000              0.000      0.000      0.000
          2662.5      8.000      6.000      0.000         0.000              0.000      0.000      0.000
          2687.5      8.000      6.000      0.000         0.000              0.000      0.000      0.000
          2712.5      8.000      6.000      0.000         0.000              0.000      0.000      0.000
          2737.5      8.000      6.000      0.000         0.000              0.000      0.000      0.000
          2762.5      8.000      6.000      0.000         0.000              0.000      0.000      0.000
          2787.5      8.000      6.000      0.000         0.000              0.000      0.000      0.000
          2812.5      8.000      6.000      0.000         0.000              0.000      0.000      0.000
          2837.5      8.000      6.000      0.000         0.000              0.000      0.000      0.000
          2862.5      8.000      6.000      0.000         0.000              0.000      0.000      0.000
          2887.5      8.000      6.000      0.000         0.000              0.000      0.000      0.000
          2912.5      8.000      6.000      0.000         0.000              0.000      0.000      0.000
          2937.5      8.000      6.000      0.000         0.000              0.000      0.000      0.000
          2962.5      8.000      6.000      0.000         0.000              0.000      0.000      0.000
          2987.5      8.000      6.000      0.000         0.000              0.000      0.000      0.000
          3012.5      8.000      6.000      0.000         0.000              0.000      0.000      0.000
          3037.5      8.000      6.000      0.000         0.000              0.000      0.000      0.000
          3062.5      8.000      6.000      0.000         0.000              0.000      0.000      0.000
          3087.5      8.000      6.000      0.000         0.000              0.000      0.000      0.000
          3112.5      8.000      6.000      0.000         0.000              0.000      0.000      0.000
          3137.5      8.000      6.000      0.000         0.000              0.000      0.000      0.000
          3162.5      8.000      6.000      0.000         0.000              0.000      0.000      0.000
          3187.5      8.000      6.000      0.000         0.000              0.000      0.000      0.000
          3212.5      8.000      6.000      0.000         0.000              0.000      0.000      0.000
          3237.5      8.000      6.000      0.000         0.000              0.000      0.000      0.000
          3262.5      8.000      6.000      0.000         0.000              0.000      0.000      0.000
          3287.5      8.000      6.000      0.000         0.000              0.000      0.000      0.000
          3312.5      8.000      6.000      0.000         0.000              0.000      0.000      0.000
          3337.5      8.000      6.000      0.000         0.000              0.000      0.000      0.000
          3362.5      8.000      6.000      0.000         0.000              0.000      0.000      0.000
          3387.5      8.000      6.000      0.000         0.000              0.000      0.000      0.000
          3412.5      8.000      6.000      0.000         0.000              0.000      0.000      0.000
          3437.5      8.000      6.000      0.000         0.000              0.000      0.000      0.000
          3462.5      8.000      6.000      0.000         0.000              0.000      0.000      0.000
          3487.5      8.000      6.000      0.000         0.000              0.000      0.000      0.000
          3512.5      8.000      6.000      0.000         0.000              0.000      0.000      0.000
          3537.5      8.000      6.000      0.000         0.000              0.000      0.000      0.000
          3562.5      8.000      6.000      0.000         0.000              0.000      0.000      0.000
          3587.5      8.000      6.000      0.000         0.000              0.000      0.000      0.000
          3612.5      8.000      6.000      0.000         0.000              0.000      0.000      0.000
          3637.5      8.000      6.000      0.000         0.000              0.000      0.000      0.000
          3662.5      8.000      6.000      0.000         0.000              0.000      0.000      0.000
          3687.5      8.000      6.000      0.000         0.000              0.000      0.000      0.000
          3712.5      8.000      6.000      0.000         0.000              0.000      0.000      0.000
          3737.5      8.000      6.000      0.000         0.000              0.000      0.000      0.000
          3762.5      8.000      6.000      0.000         0.000              0.000      0.000      0.000
          3787.5      8.000      6.000      0.000         0.000              0.000      0.000      0.000
          3812.5      8.000      6.000      0.000         0.000              0.000      0.000      0.000
          3837.5      8.000      6.000      0.000         0.000              0.000      0.000      0.000
          3862.5      8.000      6.000      0.000         0.000              0.000      0.000      0.000
          3887.5      8.000      6.000      0.000         0.000              0.000      0.000      0.000
          3912.5      8.000      6.000      0.000         0.000              0.000      0.000      0.000
          3937.5      8.000      6.000      0.000         0.000              0.000      0.000      0.000
          3962.5      8.000      6.000      0.000         0.000              0.000      0.000      0.000
          3987.5      8.000      6.000      0.000         0.000              0.000      0.000      0.000
          4012.5      8.000      6.000      0.000         0.000              0.000      0.000      0.000
          4037.5      8.000      6.000      0.000         0.000              0.000      0.000      0.000
          4062.5      8.000      6.000      0.000         0.000              0.000      0.000      0.000
          4087.5      8.000      6.000      0.000         0.000              0.000      0.000      0.000
          4112.5      8.000      6.000      0.000         0.000              0.000      0.000      0.000
          4137.5      8.000      6.000      0.000         0.000              0.000      0.000      0.000
          4162.5      8.000      6.000      0.000         0.000              0.000      0.000      0.000
          4187.5      8.000      6.000      0.000         0.000              0.000      0.000      0.000
          4212.5      8.000      6.000      0.000         0.000              0.000      0.000      0.000
          4237.5      8.000      6.000      0.000         0.000              0.000      0.000      0.000
          4262.5      8.000      6.000      0.000         0.000              0.000      0.000      0.000
          4287.5      8.000      6.000      0.000         0.000              0.000      0.000      0.000
          4312.5      8.000      6.000      0.000         0.000              0.000      0.000      0.000
          4337.5      8.000      6.000      0.000         0.000              0.000      0.000      0.000
          4362.5      8.000      6.000      0.000         0.000              0.000      0.000      0.000
          4387.5      8.000      6.000      0.000         0.000              0.000      0.000      0.000
          4412.5      8.000      6.000      0.000         0.000              0.000      0.000      0.000
          4437.5      8.000      6.000      0.000         0.000              0.000      0.000      0.000
          4462.5      8.000      6.000      0.000         0.000              0.000      0.000      0.000
          4487.5      8.000      6.000      0.000         0.000              0.000      0.000      0.000
          4512.5      8.000      6.000      0.000         0.000              0.000      0.000      0.000
          4537.5      8.000      6.000      0.000         0.000              0.000      0.000      0.000
          4562.5      8.000      6.000      0.000         0.000              0.000      0.000      0.000
          4587.5      8.000      6.000      0.000         0.000              0.000      0.000      0.000
          4612.5      8.000      6.000      0.000         0.000              0.000      0.000      0.000
          4637.5      8.000      6.000      0.000         0.000              0.000      0.000      0.000
          4662.5      8.000      6.000      0.000         0.000              0.000      0.000      0.000
          4687.5      8.000      6.000      0.000         0.000              0.000      0.000      0.000
          4712.5      8.000      6.000      0.000         0.000              0.000      0.000      0.000
          4737.5      8.000      6.000      0.000         0.000              0.000      0.000      0.000
          4762.5      8.000      6.000      0.000         0.000              0.000      0.000      0.000
          4787.5      8.000      6.000      0.000         0.000              0.000      0.000      0.000
          4812.5      8.000      6.000      0.000         0.000              0.000      0.000      0.000
          4837.5      8.000      6.000      0.000         0.000              0.000      0.000      0.000
          4862.5      8.000      6.000      0.000         0.000              0.000      0.000      0.000
          4887.5      8.000      6.000      0.000         0.000              0.000      0.000      0.000
          4912.5      8.000      6.000      0.000         0.000              0.000      0.000      0.000
          4937.5      8.000      6.000      0.000         0.000              0.000      0.000      0.000
          4962.5      8.000      6.000      0.000         0.000              0.000      0.000      0.000
          4987.5      8.000      6.000      0.000         0.000              0.000      0.000      0.000
