#ASTEX case using prescribed vertical grid, Nlev = 427 1
       height(m)   thl(K)     qt(kg/kg)       u(m/s)     v(m/s)     tke(m2/s2)
      200.000      268.665      2.751E-06      5.8743      -0.0308      0.8560
      400.000      269.473      2.589E-06      7.3572      0.6200      0.5560
      600.000      270.555      2.485E-06      7.8241      1.3648      0.3026
      800.000      271.582      2.373E-06      7.7487      2.0063      0.1070
      1000.00      272.286      2.209E-06      7.5667      2.5086      0.0000
      1200.00      272.798      2.024E-06      7.4078      2.9108      0.0000
      1400.00      273.397      1.865E-06      7.2861      3.2551      0.0000
      1600.00      274.358      1.765E-06      7.2069      3.5812      0.0000
      1800.00      275.746      1.724E-06      7.1732      3.9067      0.0000
      2000.00      277.472      1.725E-06      7.1899      4.2325      0.0000
      2200.00      279.440      1.756E-06      7.2629      4.5584      0.0000
      2400.00      281.549      1.804E-06      7.3991      4.8823      0.0000
      2600.00      283.698      1.856E-06      7.6065      5.2005      0.0000
      2800.00      285.780      1.897E-06      7.8950      5.5064      0.0000
      3000.00      287.686      1.913E-06      8.2755      5.7901      0.0000
      3200.00      289.345      1.891E-06      8.7494      6.0413      0.0000
      3400.00      290.764      1.836E-06      9.2932      6.2561      0.0000
      3600.00      291.967      1.753E-06      9.8775      6.4352      0.0000
      3800.00      292.978      1.649E-06      10.4699      6.5846      0.0000
      4000.00      293.819      1.530E-06      11.0354      6.7172      0.0000
      4200.00      294.516      1.404E-06      11.5374      6.8519      0.0000
      4400.00      295.095      1.275E-06      11.9378      7.0123      0.0000
      4600.00      295.581      1.149E-06      12.1972      7.2238      0.0000
      4800.00      296.004      1.028E-06      12.2741      7.5093      0.0000
      5000.00      296.391      9.164E-07      12.1249      7.8830      0.0000
      5200.00      296.772      8.148E-07      11.7036      8.3435      0.0000
      5400.00      297.179      7.243E-07      10.9642      8.8651      0.0000
      5600.00      297.638      6.450E-07      9.8776      9.3868      0.0000
      5800.00      298.154      5.756E-07      8.5298      9.8049      0.0000
      6000.00      298.716      5.143E-07      7.0735      10.0394      0.0000
      6200.00      299.311      4.597E-07      5.6610      10.0733      0.0000
      6400.00      299.928      4.108E-07      4.4233      9.9520      0.0000
      6600.00      300.554      3.666E-07      3.4572      9.7677      0.0000
      6800.00      301.176      3.264E-07      2.8275      9.6338      0.0000
      7000.00      301.779      2.897E-07      2.5882      9.6593      0.0000
      7200.00      302.353      2.561E-07      2.7797      9.9074      0.0000
      7400.00      302.900      2.254E-07      3.3356      10.3381      0.0000
      7600.00      303.425      1.977E-07      4.1650      10.8776      0.0000
      7800.00      303.935      1.728E-07      5.1545      11.4682      0.0000
      8000.00      304.434      1.506E-07      6.1504      12.0944      0.0000
      8200.00      304.930      1.309E-07      6.9555      12.7935      0.0000
      8400.00      305.430      1.135E-07      7.3295      13.6381      0.0000
      8600.00      305.941      9.823E-08      6.9861      14.6826      0.0000
      8800.00      306.471      8.489E-08      5.5947      15.8642      0.0000
      9000.00      307.030      7.330E-08      2.8544      16.8604      0.0000
      9200.00      307.677      6.355E-08      -0.7397      17.0701      0.0000
      9400.00      308.522      5.585E-08      -3.8461      16.3844      0.0000
      9600.00      309.681      5.025E-08      -5.2945      15.5052      0.0000
      9800.00      311.273      4.677E-08      -4.2717      15.2144      0.0000
      10000.0      313.421      4.551E-08      0.0068      15.1382      0.0000
      10200.0      316.228      4.668E-08      7.5017      12.3398      0.0000
      10400.0      319.637      5.018E-08      13.3328      3.3337      0.0000
      10600.0      323.509      5.583E-08      10.0796      -8.3169      0.0000
      10800.0      327.705      6.348E-08      -1.6203      -12.332      0.0000
      11000.0      332.076      7.285E-08      -10.793      -4.9569      0.0000
      11200.0      336.470      8.337E-08      -10.019      5.4545      0.0000
      11400.0      340.730      9.406E-08      -3.2930      10.5530      0.0000
      11600.0      344.710      1.036E-07      2.5671      10.5276      0.0000
      11800.0      348.393      1.112E-07      5.6642      9.1299      0.0000
      12000.0      351.820      1.170E-07      6.7700      8.3616      0.0000
      12200.0      355.034      1.209E-07      6.5718      8.6449      0.0000
      12400.0      358.082      1.233E-07      5.2700      9.6844      0.0000
      12600.0      361.010      1.245E-07      2.8949      10.8576      0.0000
      12800.0      363.867      1.249E-07      -0.3268      11.4685      0.0000
      13000.0      366.704      1.249E-07      -3.8393      11.0669      0.0000
      13200.0      369.576      1.251E-07      -6.9453      9.7106      0.0000
      13400.0      372.533      1.257E-07      -9.1661      7.9428      0.0000
      13600.0      375.592      1.270E-07      -10.548      6.2873      0.0000
      13800.0      378.747      1.289E-07      -11.349      4.9925      0.0000
      14000.0      381.991      1.313E-07      -11.780      4.1497      0.0000
      14200.0      385.317      1.343E-07      -11.982      3.7615      0.0000
      14400.0      388.718      1.378E-07      -12.030      3.7845      0.0000
      14600.0      392.188      1.416E-07      -11.952      4.1527      0.0000
      14800.0      395.718      1.459E-07      -11.752      4.7878      0.0000
      15000.0      399.301      1.505E-07      -11.425      5.6058      0.0000
      15200.0      402.930      1.553E-07      -10.978      6.5218      0.0000
      15400.0      406.596      1.603E-07      -10.433      7.4562      0.0000
      15600.0      410.293      1.654E-07      -9.8350      8.3404      0.0000
      15800.0      414.012      1.705E-07      -9.2475      9.1215      0.0000
      16000.0      417.746      1.754E-07      -8.7427      9.7691      0.0000
      16200.0      421.497      1.803E-07      -8.3481      10.2962      0.0000
      16400.0      425.267      1.852E-07      -8.0701      10.7238      0.0000
      16600.0      429.059      1.900E-07      -7.9097      11.0670      0.0000
      16800.0      432.877      1.947E-07      -7.8643      11.3357      0.0000
      17000.0      436.723      1.996E-07      -7.9284      11.5356      0.0000
      17200.0      440.602      2.045E-07      -8.0936      11.6692      0.0000
      17400.0      444.517      2.095E-07      -8.3495      11.7370      0.0000
      17600.0      448.472      2.147E-07      -8.6834      11.7379      0.0000
      17800.0      452.470      2.202E-07      -9.0807      11.6708      0.0000
      18000.0      456.515      2.260E-07      -9.5253      11.5352      0.0000
      18200.0      460.612      2.322E-07      -10.000      11.3320      0.0000
      18400.0      464.759      2.388E-07      -10.494      11.0640      0.0000
      18600.0      468.954      2.458E-07      -10.999      10.7349      0.0000
      18800.0      473.193      2.531E-07      -11.505      10.3494      0.0000
      19000.0      477.474      2.608E-07      -12.005      9.9135      0.0000
      19200.0      481.795      2.688E-07      -12.492      9.4338      0.0000
      19400.0      486.151      2.771E-07      -12.959      8.9182      0.0000
      19600.0      490.540      2.857E-07      -13.401      8.3752      0.0000
      19800.0      494.960      2.944E-07      -13.816      7.8141      0.0000
      20000.0      499.408      3.034E-07      -14.199      7.2447      0.0000
