293.400      15 
3000.0      213.5      0      1.2299999999999999e-06      0
5000.0      212.1      0      5.1e-07      0
7000.0      215.3      0      2.07e-07      0
10000.0      214.5      0      1.5199999999999998e-07      0
15000.0      213.5      0      1.5199999999999998e-07      0
20000.0      207.5      0      1.5199999999999998e-07      0
25000.0      215.7      0      1.5199999999999998e-07      0
30000.0      225.3      0      1.5199999999999998e-07      0
40000.0      240.7      0      1.5199999999999998e-07      0
50000.0      253.9      0      1.5199999999999998e-07      0
70000.0      272.1      0      1.5199999999999998e-07      0
85000.0      281.0      0      1.5199999999999998e-07      0
92500.0      286.8      0      1.5199999999999998e-07      0
100000.0      290.8      0      1.5199999999999998e-07      0
101500.0      293.4      0      1.5199999999999998e-07      0
