270.500      15 
3000.0      212.1      0      1.2299999999999999e-06      0
5000.0      213.9      0      5.1e-07      0
7000.0      214.1      0      2.07e-07      0
10000.0      214.7      0      1.5199999999999998e-07      0
15000.0      215.5      0      1.5199999999999998e-07      0
20000.0      215.7      0      1.5199999999999998e-07      0
25000.0      211.3      0      1.5199999999999998e-07      0
30000.0      217.5      0      1.5199999999999998e-07      0
40000.0      232.3      0      1.5199999999999998e-07      0
50000.0      243.9      0      1.5199999999999998e-07      0
70000.0      259.5      0      1.5199999999999998e-07      0
85000.0      261.3      0      1.5199999999999998e-07      0
92500.0      265.7      0      1.5199999999999998e-07      0
100000.0      268.7      0      1.5199999999999998e-07      0
102700.0      270.5      0      1.5199999999999998e-07      0
