279.600      13
10000.0      217.100      0.0000      0.0000      0.0000
15000.0      215.500      0.0000      0.0000      0.0000
20000.0      210.500      0.0000      0.0000      0.0000
25000.0      214.500      0.0000      0.0000      0.0000
30000.0      224.500      0.0000      0.0000      0.0000
40000.0      239.100      0.0000      0.0000      0.0000
50000.0      252.500      0.0000      0.0000      0.0000
70000.0      270.500      0.0000      0.0000      0.0000
85000.0      274.000      0.0000      0.0000      0.0000
92500.0      277.200      0.0000      0.0000      0.0000
100000.      282.000      0.0000      0.0000      0.0000
102300.      279.600      0.0000      0.0000      0.0000
