 Midnight with high concentrations 1
          height(m)   ugeo(m/s) vgeo(m/s)  wfls(m/s)    not_used   not_used   dqtdtls(kg/kg/s)    dthldt(K/s)
          50.000      1.000      0.000      0.000         0.000              0.000      0.000      0.000
          150.00      1.000      0.000      0.000         0.000              0.000      0.000      0.000
          250.00      1.000      0.000      0.000         0.000              0.000      0.000      0.000
          350.00      1.000      0.000      0.000         0.000              0.000      0.000      0.000
          450.00      1.000      0.000      0.000         0.000              0.000      0.000      0.000
          550.00      1.000      0.000      0.000         0.000              0.000      0.000      0.000
          650.00      1.000      0.000      0.000         0.000              0.000      0.000      0.000
          750.00      1.000      0.000      0.000         0.000              0.000      0.000      0.000
          850.00      1.000      0.000      0.000         0.000              0.000      0.000      0.000
          950.00      1.000      0.000      0.000         0.000              0.000      0.000      0.000
          1050.0      1.000      0.000      0.000         0.000              0.000      0.000      0.000
          1150.0      1.000      0.000      0.000         0.000              0.000      0.000      0.000
          1250.0      1.000      0.000      0.000         0.000              0.000      0.000      0.000
          1350.0      1.000      0.000      0.000         0.000              0.000      0.000      0.000
          1450.0      1.000      0.000      0.000         0.000              0.000      0.000      0.000
          1550.0      1.000      0.000      0.000         0.000              0.000      0.000      0.000
          1650.0      1.000      0.000      0.000         0.000              0.000      0.000      0.000
          1750.0      1.000      0.000      0.000         0.000              0.000      0.000      0.000
          1850.0      1.000      0.000      0.000         0.000              0.000      0.000      0.000
          1950.0      1.000      0.000      0.000         0.000              0.000      0.000      0.000
          2050.0      1.000      0.000      0.000         0.000              0.000      0.000      0.000
          2150.0      1.000      0.000      0.000         0.000              0.000      0.000      0.000
          2250.0      1.000      0.000      0.000         0.000              0.000      0.000      0.000
          2350.0      1.000      0.000      0.000         0.000              0.000      0.000      0.000
          2450.0      1.000      0.000      0.000         0.000              0.000      0.000      0.000
          2550.0      1.000      0.000      0.000         0.000              0.000      0.000      0.000
          2650.0      1.000      0.000      0.000         0.000              0.000      0.000      0.000
          2750.0      1.000      0.000      0.000         0.000              0.000      0.000      0.000
          2850.0      1.000      0.000      0.000         0.000              0.000      0.000      0.000
          2950.0      1.000      0.000      0.000         0.000              0.000      0.000      0.000
          3050.0      1.000      0.000      0.000         0.000              0.000      0.000      0.000
          3150.0      1.000      0.000      0.000         0.000              0.000      0.000      0.000
          3250.0      1.000      0.000      0.000         0.000              0.000      0.000      0.000
          3350.0      1.000      0.000      0.000         0.000              0.000      0.000      0.000
          3450.0      1.000      0.000      0.000         0.000              0.000      0.000      0.000
          3550.0      1.000      0.000      0.000         0.000              0.000      0.000      0.000
          3650.0      1.000      0.000      0.000         0.000              0.000      0.000      0.000
          3750.0      1.000      0.000      0.000         0.000              0.000      0.000      0.000
          3850.0      1.000      0.000      0.000         0.000              0.000      0.000      0.000
          3950.0      1.000      0.000      0.000         0.000              0.000      0.000      0.000
          4050.0      1.000      0.000      0.000         0.000              0.000      0.000      0.000
          4150.0      1.000      0.000      0.000         0.000              0.000      0.000      0.000
          4250.0      1.000      0.000      0.000         0.000              0.000      0.000      0.000
          4350.0      1.000      0.000      0.000         0.000              0.000      0.000      0.000
          4450.0      1.000      0.000      0.000         0.000              0.000      0.000      0.000
          4550.0      1.000      0.000      0.000         0.000              0.000      0.000      0.000
          4650.0      1.000      0.000      0.000         0.000              0.000      0.000      0.000
          4750.0      1.000      0.000      0.000         0.000              0.000      0.000      0.000
          4850.0      1.000      0.000      0.000         0.000              0.000      0.000      0.000
          4950.0      1.000      0.000      0.000         0.000              0.000      0.000      0.000
          5050.0      1.000      0.000      0.000         0.000              0.000      0.000      0.000
          5150.0      1.000      0.000      0.000         0.000              0.000      0.000      0.000
          5250.0      1.000      0.000      0.000         0.000              0.000      0.000      0.000
          5350.0      1.000      0.000      0.000         0.000              0.000      0.000      0.000
          5450.0      1.000      0.000      0.000         0.000              0.000      0.000      0.000
          5550.0      1.000      0.000      0.000         0.000              0.000      0.000      0.000
          5650.0      1.000      0.000      0.000         0.000              0.000      0.000      0.000
          5750.0      1.000      0.000      0.000         0.000              0.000      0.000      0.000
          5850.0      1.000      0.000      0.000         0.000              0.000      0.000      0.000
          5950.0      1.000      0.000      0.000         0.000              0.000      0.000      0.000
          6050.0      1.000      0.000      0.000         0.000              0.000      0.000      0.000
          6150.0      1.000      0.000      0.000         0.000              0.000      0.000      0.000
          6250.0      1.000      0.000      0.000         0.000              0.000      0.000      0.000
          6350.0      1.000      0.000      0.000         0.000              0.000      0.000      0.000
          6450.0      1.000      0.000      0.000         0.000              0.000      0.000      0.000
          6550.0      1.000      0.000      0.000         0.000              0.000      0.000      0.000
          6650.0      1.000      0.000      0.000         0.000              0.000      0.000      0.000
          6750.0      1.000      0.000      0.000         0.000              0.000      0.000      0.000
          6850.0      1.000      0.000      0.000         0.000              0.000      0.000      0.000
          6950.0      1.000      0.000      0.000         0.000              0.000      0.000      0.000
          7050.0      1.000      0.000      0.000         0.000              0.000      0.000      0.000
          7150.0      1.000      0.000      0.000         0.000              0.000      0.000      0.000
          7250.0      1.000      0.000      0.000         0.000              0.000      0.000      0.000
          7350.0      1.000      0.000      0.000         0.000              0.000      0.000      0.000
          7450.0      1.000      0.000      0.000         0.000              0.000      0.000      0.000
          7550.0      1.000      0.000      0.000         0.000              0.000      0.000      0.000
          7650.0      1.000      0.000      0.000         0.000              0.000      0.000      0.000
          7750.0      1.000      0.000      0.000         0.000              0.000      0.000      0.000
          7850.0      1.000      0.000      0.000         0.000              0.000      0.000      0.000
          7950.0      1.000      0.000      0.000         0.000              0.000      0.000      0.000
          8050.0      1.000      0.000      0.000         0.000              0.000      0.000      0.000
          8150.0      1.000      0.000      0.000         0.000              0.000      0.000      0.000
          8250.0      1.000      0.000      0.000         0.000              0.000      0.000      0.000
          8350.0      1.000      0.000      0.000         0.000              0.000      0.000      0.000
          8450.0      1.000      0.000      0.000         0.000              0.000      0.000      0.000
          8550.0      1.000      0.000      0.000         0.000              0.000      0.000      0.000
          8650.0      1.000      0.000      0.000         0.000              0.000      0.000      0.000
          8750.0      1.000      0.000      0.000         0.000              0.000      0.000      0.000
          8850.0      1.000      0.000      0.000         0.000              0.000      0.000      0.000
          8950.0      1.000      0.000      0.000         0.000              0.000      0.000      0.000
          9050.0      1.000      0.000      0.000         0.000              0.000      0.000      0.000
          9150.0      1.000      0.000      0.000         0.000              0.000      0.000      0.000
          9250.0      1.000      0.000      0.000         0.000              0.000      0.000      0.000
          9350.0      1.000      0.000      0.000         0.000              0.000      0.000      0.000
          9450.0      1.000      0.000      0.000         0.000              0.000      0.000      0.000
          9550.0      1.000      0.000      0.000         0.000              0.000      0.000      0.000
          9650.0      1.000      0.000      0.000         0.000              0.000      0.000      0.000
          9750.0      1.000      0.000      0.000         0.000              0.000      0.000      0.000
          9850.0      1.000      0.000      0.000         0.000              0.000      0.000      0.000
          9950.0      1.000      0.000      0.000         0.000              0.000      0.000      0.000
          10050.      1.000      0.000      0.000         0.000              0.000      0.000      0.000
          10150.      1.000      0.000      0.000         0.000              0.000      0.000      0.000
          10250.      1.000      0.000      0.000         0.000              0.000      0.000      0.000
          10350.      1.000      0.000      0.000         0.000              0.000      0.000      0.000
          10450.      1.000      0.000      0.000         0.000              0.000      0.000      0.000
          10550.      1.000      0.000      0.000         0.000              0.000      0.000      0.000
          10650.      1.000      0.000      0.000         0.000              0.000      0.000      0.000
          10750.      1.000      0.000      0.000         0.000              0.000      0.000      0.000
          10850.      1.000      0.000      0.000         0.000              0.000      0.000      0.000
          10950.      1.000      0.000      0.000         0.000              0.000      0.000      0.000
          11050.      1.000      0.000      0.000         0.000              0.000      0.000      0.000
          11150.      1.000      0.000      0.000         0.000              0.000      0.000      0.000
          11250.      1.000      0.000      0.000         0.000              0.000      0.000      0.000
          11350.      1.000      0.000      0.000         0.000              0.000      0.000      0.000
          11450.      1.000      0.000      0.000         0.000              0.000      0.000      0.000
          11550.      1.000      0.000      0.000         0.000              0.000      0.000      0.000
          11650.      1.000      0.000      0.000         0.000              0.000      0.000      0.000
          11750.      1.000      0.000      0.000         0.000              0.000      0.000      0.000
          11850.      1.000      0.000      0.000         0.000              0.000      0.000      0.000
          11950.      1.000      0.000      0.000         0.000              0.000      0.000      0.000
          12050.      1.000      0.000      0.000         0.000              0.000      0.000      0.000
          12150.      1.000      0.000      0.000         0.000              0.000      0.000      0.000
          12250.      1.000      0.000      0.000         0.000              0.000      0.000      0.000
          12350.      1.000      0.000      0.000         0.000              0.000      0.000      0.000
          12450.      1.000      0.000      0.000         0.000              0.000      0.000      0.000
          12550.      1.000      0.000      0.000         0.000              0.000      0.000      0.000
          12650.      1.000      0.000      0.000         0.000              0.000      0.000      0.000
          12750.      1.000      0.000      0.000         0.000              0.000      0.000      0.000
          12850.      1.000      0.000      0.000         0.000              0.000      0.000      0.000
          12950.      1.000      0.000      0.000         0.000              0.000      0.000      0.000
          13050.      1.000      0.000      0.000         0.000              0.000      0.000      0.000
          13150.      1.000      0.000      0.000         0.000              0.000      0.000      0.000
          13250.      1.000      0.000      0.000         0.000              0.000      0.000      0.000
          13350.      1.000      0.000      0.000         0.000              0.000      0.000      0.000
          13450.      1.000      0.000      0.000         0.000              0.000      0.000      0.000
          13550.      1.000      0.000      0.000         0.000              0.000      0.000      0.000
          13650.      1.000      0.000      0.000         0.000              0.000      0.000      0.000
          13750.      1.000      0.000      0.000         0.000              0.000      0.000      0.000
          13850.      1.000      0.000      0.000         0.000              0.000      0.000      0.000
          13950.      1.000      0.000      0.000         0.000              0.000      0.000      0.000
          14050.      1.000      0.000      0.000         0.000              0.000      0.000      0.000
          14150.      1.000      0.000      0.000         0.000              0.000      0.000      0.000
          14250.      1.000      0.000      0.000         0.000              0.000      0.000      0.000
          14350.      1.000      0.000      0.000         0.000              0.000      0.000      0.000
          14450.      1.000      0.000      0.000         0.000              0.000      0.000      0.000
          14550.      1.000      0.000      0.000         0.000              0.000      0.000      0.000
          14650.      1.000      0.000      0.000         0.000              0.000      0.000      0.000
          14750.      1.000      0.000      0.000         0.000              0.000      0.000      0.000
          14850.      1.000      0.000      0.000         0.000              0.000      0.000      0.000
          14950.      1.000      0.000      0.000         0.000              0.000      0.000      0.000
          15050.      1.000      0.000      0.000         0.000              0.000      0.000      0.000
          15150.      1.000      0.000      0.000         0.000              0.000      0.000      0.000
          15250.      1.000      0.000      0.000         0.000              0.000      0.000      0.000
          15350.      1.000      0.000      0.000         0.000              0.000      0.000      0.000
          15450.      1.000      0.000      0.000         0.000              0.000      0.000      0.000
          15550.      1.000      0.000      0.000         0.000              0.000      0.000      0.000
          15650.      1.000      0.000      0.000         0.000              0.000      0.000      0.000
          15750.      1.000      0.000      0.000         0.000              0.000      0.000      0.000
          15850.      1.000      0.000      0.000         0.000              0.000      0.000      0.000
          15950.      1.000      0.000      0.000         0.000              0.000      0.000      0.000
          16050.      1.000      0.000      0.000         0.000              0.000      0.000      0.000
          16150.      1.000      0.000      0.000         0.000              0.000      0.000      0.000
          16250.      1.000      0.000      0.000         0.000              0.000      0.000      0.000
          16350.      1.000      0.000      0.000         0.000              0.000      0.000      0.000
          16450.      1.000      0.000      0.000         0.000              0.000      0.000      0.000
          16550.      1.000      0.000      0.000         0.000              0.000      0.000      0.000
          16650.      1.000      0.000      0.000         0.000              0.000      0.000      0.000
          16750.      1.000      0.000      0.000         0.000              0.000      0.000      0.000
          16850.      1.000      0.000      0.000         0.000              0.000      0.000      0.000
          16950.      1.000      0.000      0.000         0.000              0.000      0.000      0.000
          17050.      1.000      0.000      0.000         0.000              0.000      0.000      0.000
          17150.      1.000      0.000      0.000         0.000              0.000      0.000      0.000
          17250.      1.000      0.000      0.000         0.000              0.000      0.000      0.000
          17350.      1.000      0.000      0.000         0.000              0.000      0.000      0.000
          17450.      1.000      0.000      0.000         0.000              0.000      0.000      0.000
          17550.      1.000      0.000      0.000         0.000              0.000      0.000      0.000
          17650.      1.000      0.000      0.000         0.000              0.000      0.000      0.000
          17750.      1.000      0.000      0.000         0.000              0.000      0.000      0.000
          17850.      1.000      0.000      0.000         0.000              0.000      0.000      0.000
          17950.      1.000      0.000      0.000         0.000              0.000      0.000      0.000
          18050.      1.000      0.000      0.000         0.000              0.000      0.000      0.000
          18150.      1.000      0.000      0.000         0.000              0.000      0.000      0.000
          18250.      1.000      0.000      0.000         0.000              0.000      0.000      0.000
          18350.      1.000      0.000      0.000         0.000              0.000      0.000      0.000
          18450.      1.000      0.000      0.000         0.000              0.000      0.000      0.000
          18550.      1.000      0.000      0.000         0.000              0.000      0.000      0.000
          18650.      1.000      0.000      0.000         0.000              0.000      0.000      0.000
          18750.      1.000      0.000      0.000         0.000              0.000      0.000      0.000
          18850.      1.000      0.000      0.000         0.000              0.000      0.000      0.000
          18950.      1.000      0.000      0.000         0.000              0.000      0.000      0.000
          19050.      1.000      0.000      0.000         0.000              0.000      0.000      0.000
          19150.      1.000      0.000      0.000         0.000              0.000      0.000      0.000
          19250.      1.000      0.000      0.000         0.000              0.000      0.000      0.000
          19350.      1.000      0.000      0.000         0.000              0.000      0.000      0.000
          19450.      1.000      0.000      0.000         0.000              0.000      0.000      0.000
          19550.      1.000      0.000      0.000         0.000              0.000      0.000      0.000
          19650.      1.000      0.000      0.000         0.000              0.000      0.000      0.000
          19750.      1.000      0.000      0.000         0.000              0.000      0.000      0.000
          19850.      1.000      0.000      0.000         0.000              0.000      0.000      0.000
