293.400      15 
3000.00000      213.500000      0.00000049      0.00000123      0
5000.00000      212.100006      0.00000025      0.00000051      0
7000.00000      215.300003      0.00000026      0.00000020      0
10000.0000      214.500000      0.00000016      0.00000015      0
15000.0000      213.500000      0.00000009      0.00000015      0
20000.0000      207.500000      0.00000003      0.00000015      0
25000.0000      215.699996      0.00000007      0.00000015      0
30000.0000      225.300003      0.00000018      0.00000015      0
40000.0000      240.699996      0.00000065      0.00000015      0
50000.0000      253.899993      0.00000168      0.00000015      0
70000.0000      272.100006      0.00000503      0.00000015      0
85000.0000      281.000000      0.00000779      0.00000015      0
92500.0000      286.799987      0.00001057      0.00000015      0
100000.000      290.799987      0.00001269      0.00000015      0
101500.000      293.399993      0.00001475      0.00000015      0
