293.200      15 
3000.00000      219.699996      0.00002372      0.00000123      0
5000.00000      217.500000      0.00001188      0.00000051      0
7000.00000      219.100006      0.00001079      0.00000020      0
10000.0000      218.899993      0.00000733      0.00000015      0
15000.0000      219.100006      0.00000503      0.00000015      0
20000.0000      215.300003      0.00001058      0.00000015      0
25000.0000      218.500000      0.00001940      0.00000015      0
30000.0000      226.100006      0.00005972      0.00000015      0
40000.0000      242.300003      0.00017334      0.00000015      0
50000.0000      256.100006      0.00033744      0.00000015      0
70000.0000      270.299987      0.00036009      0.00000015      0
85000.0000      277.000000      0.00382293      0.00000015      0
92500.0000      283.600006      0.00456677      0.00000015      0
100000.000      290.200012      0.00473626      0.00000015      0
102700.000      293.200012      0.00569493      0.00000015      0
