297.600      15 
3000.00000      221.699996      0.00003187      0.00000123      0
5000.00000      217.699996      0.00001225      0.00000051      0
7000.00000      216.500000      0.00000729      0.00000020      0
10000.0000      215.100006      0.00000480      0.00000015      0
15000.0000      215.100006      0.00000320      0.00000015      0
20000.0000      209.300003      0.00001390      0.00000015      0
25000.0000      215.300003      0.00003147      0.00000015      0
30000.0000      225.100006      0.00003704      0.00000015      0
40000.0000      240.699996      0.00005395      0.00000015      0
50000.0000      253.699996      0.00021815      0.00000015      0
70000.0000      271.700012      0.00041038      0.00000015      0
85000.0000      281.600006      0.00433086      0.00000015      0
92500.0000      288.600006      0.00424875      0.00000015      0
100000.000      295.000000      0.00376256      0.00000015      0
101800.000      297.600006      0.00513678      0.00000015      0
