date=12/05/08 12
height(m)   thl(K)     qt(kg/kg)       u(m/s)     v(m/s)     tke(m2/s2)
      12.5000      290.561      6.528E-03      0.7619      -3.0619      1.3054
      37.5000      291.243      6.681E-03      1.1789      -3.2297      1.2561
      62.5000      291.131      6.543E-03      1.3354      -3.2559      1.2075
      87.5000      290.327      6.404E-03      1.5099      -3.2039      1.1595
      112.500      290.177      6.362E-03      1.4610      -3.2194      1.1122
      137.500      290.451      6.391E-03      1.2926      -3.2822      1.0655
      162.500      290.763      6.454E-03      1.1423      -3.3562      1.0195
      187.500      290.729      6.516E-03      1.1477      -3.4050      0.9742
      212.500      294.773      3.526E-03      -5.0571      -1.4755      0.2735
      237.500      294.695      3.449E-03      -5.1481      -1.5337      0.2605
      262.500      294.631      3.388E-03      -5.2324      -1.5783      0.2478
      287.500      294.580      3.341E-03      -5.3102      -1.6100      0.2353
      312.500      294.541      3.307E-03      -5.3819      -1.6296      0.2231
      337.500      294.514      3.286E-03      -5.4478      -1.6377      0.2110
      362.500      294.497      3.275E-03      -5.5081      -1.6350      0.1992
      387.500      294.491      3.275E-03      -5.5631      -1.6223      0.1876
      412.500      294.493      3.284E-03      -5.6132      -1.6003      0.1762
      437.500      294.503      3.302E-03      -5.6586      -1.5696      0.1651
      462.500      294.521      3.328E-03      -5.6995      -1.5310      0.1542
      487.500      294.545      3.362E-03      -5.7364      -1.4852      0.1436
      512.500      294.575      3.403E-03      -5.7694      -1.4329      0.1332
      537.500      294.611      3.450E-03      -5.7989      -1.3748      0.1231
      562.500      294.650      3.503E-03      -5.8251      -1.3117      0.1132
      587.500      294.692      3.562E-03      -5.8484      -1.2441      0.1037
      612.500      294.737      3.625E-03      -5.8691      -1.1729      0.0944
      637.500      294.784      3.693E-03      -5.8873      -1.0988      0.0854
      662.500      294.831      3.764E-03      -5.9035      -1.0224      0.0767
      687.500      294.878      3.837E-03      -5.9178      -0.9444      0.0684
      712.500      294.924      3.913E-03      -5.9307      -0.8657      0.0603
      737.500      294.969      3.989E-03      -5.9423      -0.7868      0.0526
      762.500      295.011      4.066E-03      -5.9530      -0.7085      0.0453
      787.500      295.049      4.142E-03      -5.9630      -0.6315      0.0383
      812.500      295.083      4.216E-03      -5.9727      -0.5566      0.0318
      837.500      295.112      4.287E-03      -5.9824      -0.4843      0.0256
      862.500      295.135      4.354E-03      -5.9920      -0.4150      0.0200
      887.500      295.154      4.418E-03      -6.0016      -0.3487      0.0148
      912.500      295.167      4.478E-03      -6.0111      -0.2853      0.0101
      937.500      295.177      4.533E-03      -6.0203      -0.2247      0.0061
      962.500      295.182      4.585E-03      -6.0293      -0.1669      0.0028
      987.500      295.183      4.631E-03      -6.0379      -0.1119      0.0005
      1012.50      295.182      4.673E-03      -6.0460      -0.0595      0.0000
      1037.50      295.177      4.710E-03      -6.0536      -0.0097      0.0000
      1062.50      295.169      4.742E-03      -6.0606      0.0375      0.0000
      1087.50      295.159      4.769E-03      -6.0669      0.0822      0.0000
      1112.50      295.147      4.790E-03      -6.0725      0.1245      0.0000
      1137.50      295.134      4.806E-03      -6.0772      0.1643      0.0000
      1162.50      295.119      4.817E-03      -6.0810      0.2019      0.0000
      1187.50      295.103      4.822E-03      -6.0838      0.2372      0.0000
      1212.50      295.086      4.822E-03      -6.0855      0.2702      0.0000
      1237.50      295.070      4.816E-03      -6.0860      0.3011      0.0000
      1262.50      295.053      4.804E-03      -6.0854      0.3299      0.0000
      1287.50      295.037      4.787E-03      -6.0833      0.3567      0.0000
      1312.50      295.021      4.764E-03      -6.0799      0.3815      0.0000
      1337.50      295.007      4.736E-03      -6.0751      0.4043      0.0000
      1362.50      294.995      4.702E-03      -6.0686      0.4253      0.0000
      1387.50      294.984      4.662E-03      -6.0606      0.4445      0.0000
      1412.50      294.975      4.617E-03      -6.0508      0.4619      0.0000
      1437.50      294.969      4.567E-03      -6.0392      0.4776      0.0000
      1462.50      294.966      4.512E-03      -6.0258      0.4916      0.0000
      1487.50      294.967      4.452E-03      -6.0104      0.5041      0.0000
      1512.50      294.971      4.387E-03      -5.9930      0.5151      0.0000
      1537.50      294.979      4.318E-03      -5.9735      0.5245      0.0000
      1562.50      294.991      4.244E-03      -5.9518      0.5326      0.0000
      1587.50      295.008      4.166E-03      -5.9281      0.5393      0.0000
      1612.50      295.029      4.085E-03      -5.9023      0.5446      0.0000
      1637.50      295.054      4.000E-03      -5.8745      0.5485      0.0000
      1662.50      295.083      3.913E-03      -5.8448      0.5512      0.0000
      1687.50      295.116      3.822E-03      -5.8132      0.5526      0.0000
      1712.50      295.153      3.730E-03      -5.7799      0.5527      0.0000
      1737.50      295.193      3.636E-03      -5.7448      0.5517      0.0000
      1762.50      295.238      3.540E-03      -5.7081      0.5494      0.0000
      1787.50      295.286      3.444E-03      -5.6697      0.5460      0.0000
      1812.50      295.338      3.346E-03      -5.6298      0.5414      0.0000
      1837.50      295.393      3.248E-03      -5.5884      0.5358      0.0000
      1862.50      295.451      3.150E-03      -5.5456      0.5291      0.0000
      1887.50      295.513      3.052E-03      -5.5014      0.5213      0.0000
      1912.50      295.578      2.955E-03      -5.4559      0.5125      0.0000
      1937.50      295.647      2.857E-03      -5.4091      0.5028      0.0000
      1962.50      295.718      2.761E-03      -5.3612      0.4921      0.0000
      1987.50      295.793      2.666E-03      -5.3122      0.4804      0.0000
      2012.50      295.870      2.572E-03      -5.2620      0.4679      0.0000
      2037.50      295.951      2.479E-03      -5.2109      0.4545      0.0000
      2062.50      296.034      2.388E-03      -5.1589      0.4402      0.0000
      2087.50      296.119      2.299E-03      -5.1060      0.4252      0.0000
      2112.50      296.208      2.211E-03      -5.0522      0.4093      0.0000
      2137.50      296.299      2.125E-03      -4.9977      0.3927      0.0000
      2162.50      296.392      2.042E-03      -4.9426      0.3754      0.0000
      2187.50      296.488      1.960E-03      -4.8867      0.3574      0.0000
      2212.50      296.586      1.881E-03      -4.8303      0.3387      0.0000
      2237.50      296.686      1.804E-03      -4.7734      0.3194      0.0000
      2262.50      296.788      1.729E-03      -4.7161      0.2995      0.0000
      2287.50      296.893      1.657E-03      -4.6583      0.2790      0.0000
      2312.50      296.999      1.587E-03      -4.6003      0.2579      0.0000
      2337.50      297.107      1.519E-03      -4.5419      0.2363      0.0000
      2362.50      297.217      1.453E-03      -4.4834      0.2142      0.0000
      2387.50      297.328      1.390E-03      -4.4247      0.1917      0.0000
      2412.50      297.442      1.330E-03      -4.3660      0.1687      0.0000
      2437.50      297.556      1.272E-03      -4.3072      0.1453      0.0000
      2462.50      297.672      1.215E-03      -4.2484      0.1216      0.0000
      2487.50      297.790      1.162E-03      -4.1898      0.0975      0.0000
      2512.50      297.909      1.110E-03      -4.1313      0.0731      0.0000
      2537.50      298.028      1.061E-03      -4.0730      0.0484      0.0000
      2562.50      298.149      1.014E-03      -4.0151      0.0234      0.0000
      2587.50      298.271      9.685E-04      -3.9574      -0.0018      0.0000
      2612.50      298.394      9.254E-04      -3.9002      -0.0272      0.0000
      2637.50      298.518      8.843E-04      -3.8434      -0.0528      0.0000
      2662.50      298.642      8.452E-04      -3.7872      -0.0785      0.0000
      2687.50      298.767      8.079E-04      -3.7316      -0.1044      0.0000
      2712.50      298.892      7.723E-04      -3.6766      -0.1303      0.0000
      2737.50      299.018      7.386E-04      -3.6223      -0.1563      0.0000
      2762.50      299.145      7.065E-04      -3.5688      -0.1823      0.0000
      2787.50      299.271      6.761E-04      -3.5161      -0.2084      0.0000
      2812.50      299.398      6.472E-04      -3.4643      -0.2344      0.0000
      2837.50      299.525      6.198E-04      -3.4135      -0.2603      0.0000
      2862.50      299.652      5.939E-04      -3.3637      -0.2861      0.0000
      2887.50      299.778      5.694E-04      -3.3150      -0.3119      0.0000
      2912.50      299.905      5.462E-04      -3.2674      -0.3375      0.0000
      2937.50      300.031      5.243E-04      -3.2210      -0.3629      0.0000
      2962.50      300.157      5.037E-04      -3.1759      -0.3881      0.0000
      2987.50      300.282      4.842E-04      -3.1321      -0.4131      0.0000
      3012.50      300.407      4.658E-04      -3.0897      -0.4378      0.0000
      3037.50      300.531      4.486E-04      -3.0487      -0.4622      0.0000
      3062.50      300.654      4.323E-04      -3.0092      -0.4864      0.0000
      3087.50      300.776      4.171E-04      -2.9713      -0.5101      0.0000
      3112.50      300.898      4.028E-04      -2.9350      -0.5335      0.0000
      3137.50      301.018      3.894E-04      -2.9004      -0.5565      0.0000
      3162.50      301.138      3.768E-04      -2.8674      -0.5792      0.0000
      3187.50      301.256      3.651E-04      -2.8359      -0.6014      0.0000
      3212.50      301.374      3.540E-04      -2.8061      -0.6232      0.0000
      3237.50      301.490      3.437E-04      -2.7777      -0.6447      0.0000
      3262.50      301.606      3.339E-04      -2.7509      -0.6658      0.0000
      3287.50      301.720      3.248E-04      -2.7255      -0.6865      0.0000
      3312.50      301.834      3.163E-04      -2.7015      -0.7068      0.0000
      3337.50      301.947      3.082E-04      -2.6790      -0.7267      0.0000
      3362.50      302.058      3.007E-04      -2.6579      -0.7463      0.0000
      3387.50      302.169      2.936E-04      -2.6381      -0.7655      0.0000
      3412.50      302.279      2.870E-04      -2.6196      -0.7843      0.0000
      3437.50      302.388      2.808E-04      -2.6025      -0.8027      0.0000
      3462.50      302.495      2.749E-04      -2.5866      -0.8207      0.0000
      3487.50      302.602      2.695E-04      -2.5720      -0.8384      0.0000
      3512.50      302.709      2.644E-04      -2.5586      -0.8557      0.0000
      3537.50      302.814      2.596E-04      -2.5463      -0.8726      0.0000
      3562.50      302.918      2.551E-04      -2.5353      -0.8891      0.0000
      3587.50      303.021      2.509E-04      -2.5253      -0.9053      0.0000
      3612.50      303.124      2.470E-04      -2.5165      -0.9211      0.0000
      3637.50      303.225      2.433E-04      -2.5087      -0.9365      0.0000
      3662.50      303.326      2.399E-04      -2.5020      -0.9516      0.0000
      3687.50      303.426      2.367E-04      -2.4963      -0.9663      0.0000
      3712.50      303.525      2.338E-04      -2.4916      -0.9806      0.0000
      3737.50      303.623      2.311E-04      -2.4879      -0.9946      0.0000
      3762.50      303.720      2.285E-04      -2.4850      -1.0082      0.0000
      3787.50      303.816      2.262E-04      -2.4831      -1.0214      0.0000
      3812.50      303.912      2.241E-04      -2.4821      -1.0343      0.0000
      3837.50      304.007      2.221E-04      -2.4819      -1.0468      0.0000
      3862.50      304.101      2.203E-04      -2.4825      -1.0590      0.0000
      3887.50      304.194      2.186E-04      -2.4840      -1.0707      0.0000
      3912.50      304.286      2.171E-04      -2.4861      -1.0822      0.0000
      3937.50      304.377      2.158E-04      -2.4891      -1.0932      0.0000
      3962.50      304.468      2.146E-04      -2.4927      -1.1039      0.0000
      3987.50      304.558      2.135E-04      -2.4970      -1.1143      0.0000
      4012.50      304.647      2.126E-04      -2.5019      -1.1243      0.0000
      4037.50      304.735      2.118E-04      -2.5075      -1.1339      0.0000
      4062.50      304.822      2.111E-04      -2.5137      -1.1432      0.0000
      4087.50      304.909      2.105E-04      -2.5204      -1.1522      0.0000
      4112.50      304.995      2.100E-04      -2.5277      -1.1607      0.0000
      4137.50      305.080      2.096E-04      -2.5355      -1.1690      0.0000
      4162.50      305.165      2.093E-04      -2.5437      -1.1769      0.0000
      4187.50      305.248      2.091E-04      -2.5524      -1.1844      0.0000
      4212.50      305.331      2.090E-04      -2.5615      -1.1916      0.0000
      4237.50      305.413      2.090E-04      -2.5711      -1.1984      0.0000
      4262.50      305.495      2.091E-04      -2.5809      -1.2049      0.0000
      4287.50      305.576      2.093E-04      -2.5912      -1.2110      0.0000
      4312.50      305.656      2.095E-04      -2.6017      -1.2168      0.0000
      4337.50      305.735      2.098E-04      -2.6125      -1.2223      0.0000
      4362.50      305.814      2.102E-04      -2.6236      -1.2274      0.0000
      4387.50      305.892      2.106E-04      -2.6349      -1.2322      0.0000
      4412.50      305.969      2.111E-04      -2.6463      -1.2366      0.0000
      4437.50      306.046      2.116E-04      -2.6580      -1.2407      0.0000
      4462.50      306.122      2.122E-04      -2.6698      -1.2444      0.0000
      4487.50      306.197      2.129E-04      -2.6817      -1.2478      0.0000
      4512.50      306.272      2.136E-04      -2.6937      -1.2509      0.0000
      4537.50      306.346      2.143E-04      -2.7057      -1.2536      0.0000
      4562.50      306.419      2.151E-04      -2.7178      -1.2561      0.0000
      4587.50      306.492      2.159E-04      -2.7298      -1.2581      0.0000
      4612.50      306.564      2.167E-04      -2.7419      -1.2599      0.0000
      4637.50      306.636      2.176E-04      -2.7538      -1.2613      0.0000
      4662.50      306.707      2.184E-04      -2.7657      -1.2623      0.0000
      4687.50      306.777      2.194E-04      -2.7775      -1.2631      0.0000
      4712.50      306.847      2.203E-04      -2.7891      -1.2635      0.0000
      4737.50      306.916      2.212E-04      -2.8006      -1.2635      0.0000
      4762.50      306.985      2.221E-04      -2.8118      -1.2633      0.0000
      4787.50      307.053      2.231E-04      -2.8228      -1.2627      0.0000
      4812.50      307.120      2.240E-04      -2.8336      -1.2618      0.0000
      4837.50      307.187      2.249E-04      -2.8441      -1.2606      0.0000
      4862.50      307.254      2.258E-04      -2.8542      -1.2590      0.0000
      4887.50      307.320      2.267E-04      -2.8640      -1.2572      0.0000
      4912.50      307.385      2.276E-04      -2.8735      -1.2550      0.0000
      4937.50      307.450      2.285E-04      -2.8825      -1.2525      0.0000
      4962.50      307.515      2.293E-04      -2.8911      -1.2496      0.0000
      4987.50      307.579      2.301E-04      -2.8993      -1.2465      0.0000
